0 0.9478138222849083 0.3157594756340838 0.024178924037880314 0.022798518096323737
0 0.5079588958291356 0.5095468794528356 0.024178924037880314 0.022798518096323737
0 0.49586943381019544 0.5203761755485894 0.024178924037880314 0.022798518096323737
0 0.5079588958291356 0.5312054716443431 0.024178924037880314 0.022798518096323737
0 0.1325811001410437 0.4890282131661442 0.024178924037880314 0.022798518096323737
0 0.12049163812210356 0.499857509261898 0.024178924037880314 0.022798518096323737
0 0.1325811001410437 0.5106868053576518 0.024178924037880314 0.022798518096323737
0 0.12049163812210356 0.5218010829296096 0.024178924037880314 0.022798518096323737
0 0.15696151521257304 0.7911085779424337 0.024178924037880314 0.022798518096323737
0 0.8313520048357848 0.2390994585351952 0.024178924037880314 0.022798518096323737
0 0.8192625428168446 0.249928754630949 0.024178924037880314 0.022798518096323737
0 0.14406608905903687 0.5799373040752351 0.024178924037880314 0.022798518096323737
0 0.13197662704009672 0.5907666001709889 0.024178924037880314 0.022798518096323737
0 0.14406608905903687 0.6015958962667427 0.024178924037880314 0.022798518096323737
0 0.25730404996977635 0.14192077514961526 0.024178924037880314 0.022798518096323737
0 0.5839210155148096 0.49957252778569394 0.024178924037880314 0.022798518096323737
0 0.5718315534958694 0.5104018238814477 0.024178924037880314 0.022798518096323737
0 0.697763449526496 0.09717868338557993 0.024178924037880314 0.022798518096323737
0 0.6639129558734637 0.07324023938444 0.024178924037880314 0.022798518096323737
0 0.6518234938545234 0.08406953548019379 0.024178924037880314 0.022798518096323737
0 0.6639129558734637 0.09489883157594756 0.024178924037880314 0.022798518096323737
0 0.6518234938545234 0.10601310914790539 0.024178924037880314 0.022798518096323737
0 0.2921619987910538 0.8512396694214877 0.024178924037880314 0.022798518096323737
0 0.28007253677211363 0.8620689655172413 0.024178924037880314 0.022798518096323737
0 0.2921619987910538 0.8728982616129951 0.024178924037880314 0.022798518096323737
0 0.28007253677211363 0.8840125391849529 0.024178924037880314 0.022798518096323737
0 0.34072133790046344 0.19407238529495582 0.024178924037880314 0.022798518096323737
0 0.32863187588152326 0.2049016813907096 0.024178924037880314 0.022798518096323737
0 0.34072133790046344 0.2157309774864634 0.024178924037880314 0.022798518096323737
0 0.21640137013902883 0.6665716728412653 0.024178924037880314 0.022798518096323737
0 0.20431190812008865 0.6774009689370191 0.024178924037880314 0.022798518096323737
0 0.23413258110014104 0.6161299515531491 0.024178924037880314 0.022798518096323737
0 0.2220431190812009 0.6269592476489029 0.024178924037880314 0.022798518096323737
0 0.23413258110014104 0.6377885437446565 0.024178924037880314 0.022798518096323737
0 0.2220431190812009 0.6489028213166145 0.024178924037880314 0.022798518096323737
0 0.5742494458996574 0.6429182103163295 0.024178924037880314 0.022798518096323737
0 0.5893612734233327 0.4135081219720718 0.024178924037880314 0.022798518096323737
0 0.5772718114043925 0.4243374180678256 0.024178924037880314 0.022798518096323737
0 0.5893612734233327 0.4351667141635794 0.024178924037880314 0.022798518096323737
0 0.5772718114043925 0.4462809917355372 0.024178924037880314 0.022798518096323737
0 0.6776143461615958 0.4425762325448846 0.024178924037880314 0.022798518096323737
0 0.6655248841426556 0.4534055286406384 0.024178924037880314 0.022798518096323737
0 0.5329437840016119 0.3824451410658307 0.024178924037880314 0.022798518096323737
0 0.5208543219826718 0.3932744371615845 0.024178924037880314 0.022798518096323737
0 0.48922022969977835 0.5882017668851525 0.024178924037880314 0.022798518096323737
0 0.5547048156357042 0.2718723282986606 0.024178924037880314 0.022798518096323737
0 0.542615353616764 0.2827016243944144 0.024178924037880314 0.022798518096323737
0 0.5547048156357042 0.29353092049016816 0.024178924037880314 0.022798518096323737
0 0.15877493451541405 0.26047306925049873 0.024178924037880314 0.022798518096323737
0 0.37376586741889983 0.40552864063835853 0.024178924037880314 0.022798518096323737
0 0.3616764053999597 0.41635793673411226 0.024178924037880314 0.022798518096323737
0 0.37376586741889983 0.42718723282986604 0.024178924037880314 0.022798518096323737
0 0.382631472899456 0.25220860644058135 0.024178924037880314 0.022798518096323737
0 0.5522869232319162 0.46309489883157595 0.024178924037880314 0.022798518096323737
0 0.776143461615958 0.6999145055571387 0.024178924037880314 0.022798518096323737
0 0.7640539995970179 0.7107438016528925 0.024178924037880314 0.022798518096323737
0 0.776143461615958 0.7215730977486463 0.024178924037880314 0.022798518096323737
0 0.7640539995970179 0.7326873753206041 0.024178924037880314 0.022798518096323737
2 0.4009671569615152 0.7455115417497863 0.08059641345960104 0.028498147620404674
2 0.6508160386862785 0.5702479338842975 0.08059641345960104 0.028498147620404674
2 0.7918597622405803 0.7552009119407238 0.08059641345960104 0.028498147620404674
2 0.8037477332258715 0.524365916215446 0.08059641345960104 0.028498147620404674
2 0.6062865202498489 0.311199772014819 0.08059641345960104 0.028498147620404674
2 0.3781986701591779 0.6386434881732688 0.08059641345960104 0.028498147620404674
2 0.5980253878702397 0.18751781134226275 0.08059641345960104 0.028498147620404674
2 0.5875478541204916 0.7329723567968082 0.08059641345960104 0.028498147620404674
2 0.542816844650413 0.15132516386434883 0.08059641345960104 0.028498147620404674
2 0.46504130566189805 0.46850954687945284 0.08059641345960104 0.028498147620404674
1 0.13278259117469274 0.7050441721288117 0.03465645778762845 0.049016813907096037
1 0.7161998791053799 0.40567113137646055 0.014305863389079186 0.020233684810487318
1 0.4827725166230103 0.28156169848959817 0.02135804956679428 0.030208036477628954
1 0.9339109409631271 0.7093188942718723 0.018940157163006247 0.026788258763180393
1 0.8637920612532742 0.329438586491878 0.03425347572033045 0.048446850954687946
1 0.2063268184565787 0.43117697349672274 0.017731210961112232 0.025078369905956112
1 0.47259721942373567 0.21359361641493302 0.032843038484787423 0.04645198062125962
1 0.24964739069111425 0.195212311199772 0.039492242595204514 0.05585636933599316
1 0.3307475317348378 0.8040752351097179 0.03969373362885351 0.056141350812197205
1 0.13580495667942777 0.3559418637788544 0.01007455168245013 0.014249073810202337
1 0.4334072133790046 0.7033342832715873 0.03223856538384042 0.045597036192647475
1 0.7243602659681644 0.5354801937874039 0.0382832963933105 0.05414648047876888
1 0.27201289542615353 0.3941293815901966 0.010477533749748136 0.01481903676261043
1 0.2765464436832561 0.603733257338273 0.018335684062059238 0.025933314334568254
1 0.3895829135603466 0.10587061840980336 0.021962522667741284 0.031062980906241093
1 0.3233931090066492 0.408663436876603 0.0386862784606085 0.05471644343117697
1 0.09419705823090872 0.9018238814477059 0.038887769494257506 0.05500142490738102
1 0.8706427563973403 0.4990025648332858 0.030223655047350393 0.04274722143060701
1 0.8003223856538384 0.6204046736962098 0.017731210961112232 0.025078369905956112
1 0.6191819464033851 0.6474779139355942 0.030223655047350393 0.04274722143060701
1 0.3380012089462019 0.15260758050726703 0.02679830747531735 0.037902536335138216
1 0.8913963328631875 0.5654032487888287 0.015716300624622204 0.022228555143915644
1 0.2844045939955672 0.11385009974351668 0.020350594398549266 0.028783129096608722
1 0.4391497078380012 0.9223425477343973 0.037275841225065484 0.05272157309774864
1 0.35764658472697963 0.5246508976916501 0.027402780576264357 0.03875748076375036
